1 dPad Left 0 2 2 2 0 0 0.0663796050066594 13.029507255007047  2 
1 dPad Down 0 1 2 2 0 1 1.3344419460045174 14.297569596004905  0 
1 dPad Down 1 1 2 2 0 2 1.7347451969981194 14.697872846998507  0 
1 dPad Down 2 1 2 2 0 3 2.0022326080070343 14.965360258007422  0 
1 dPad OK 3 1 2 2 0 4 2.5354155940003693 15.498543244000757  0 
1 dPad OK 0 2 2 2 0 5 2.6687191590026487 15.631846809003036  0 
1 dPad Down 0 3 2 2 0 6 3.402809007005999 16.365936657006387  0 
1 dPad Left 1 3 2 2 0 7 4.070091422996484 17.03321907299687  0 
1 dPad Down 0 2 2 2 0 8 4.5369745469943155 17.500102196994703  0 
1 dPad Down 1 2 2 2 0 9 4.803698239004007 17.766825889004394  0 
1 dPad Down 0 0 4 0 0 0 0.09999441099353135 19.65173171198694  4 
1 dPad Down 1 0 4 0 0 1 1.0177607710065786 20.569498071999988  0 
1 dPad Down 2 0 4 0 0 2 1.2509500129963271 20.802687313989736  0 
1 dPad Down 3 0 4 0 0 3 1.7016326950106304 21.25336999600404  0 
1 dPad OK 0 1 3 1 0 0 0.06686282300506718 47.208019148994936  3 
1 dPad Left 0 2 3 1 0 1 0.8674559640057851 48.008612289995654  0 
1 dPad Down 0 1 3 1 0 2 1.1343606160080526 48.27551694199792  0 
1 dPad Down 1 1 3 1 0 3 1.4012572490028106 48.54241357499268  0 
1 dPad Down 2 1 3 1 0 4 1.668055442016339 48.80921176800621  0 
1 dPad OK 0 3 1 3 0 0 0.08370567302335985 51.29469732500729  1 
1 dPad Down 0 3 1 3 0 1 0.667646757006878 51.87863840899081  0 
1 dPad OK 0 1 2 1 0 0 0.06690152100054547 54.180393543996615  2 
1 dPad Left 0 2 2 1 0 1 0.6673538830073085 54.78084590600338  0 
1 dPad Down 0 1 2 1 0 2 0.934215580986347 55.04770760398242  0 
1 dPad Down 1 1 2 1 0 3 1.201127890002681 55.31461991299875  0 
1 dPad OK 0 3 3 3 0 0 0.08333747999859042 63.57155272399541  3 
1 dPad Down 0 3 3 3 0 1 0.16667427599895746 63.65488951999578  0 
1 dPad Down 1 3 3 3 0 2 0.5836982179898769 64.0719134619867  0 
1 dPad Down 2 3 3 3 0 3 0.750625468994258 64.23884071299108  0 
1 dPad OK 0 1 1 1 0 0 0.06666640800540335 67.07442352900398  1 
1 dPad OK 0 2 1 1 0 1 0.1333956659946125 67.14115278699319  0 
1 dPad Left 0 3 1 1 0 2 0.683681472990429 67.691438593989  0 
1 dPad Left 0 2 1 1 0 3 1.0174076129915193 68.0251647339901  0 
1 dPad Down 0 1 1 1 0 4 1.3511062219913583 68.35886334298993  0 
1 dPad OK 0 2 2 2 0 0 0.06671674700919539 75.99844236799981  2 
1 dPad Down 0 3 2 2 0 1 0.4504275770159438 76.38215319800656  0 
1 dPad Down 1 3 2 2 0 2 0.7006149770168122 76.63234059800743  0 
1 dPad Left 2 3 2 2 0 3 1.0171546839992516 76.94888030498987  0 
1 dPad Down 0 2 2 2 0 4 1.2843782909912989 77.21610391198192  0 
1 dPad Down 1 2 2 2 0 5 1.5512464010098483 77.48297202200047  0 
1 dPad OK 0 3 4 3 0 0 0.0836228120024316 78.03348680000636  4 
1 dPad Down 0 3 4 3 0 1 0.5840658499801066 78.53392983798403  0 
1 dPad Down 1 3 4 3 0 2 1.0844791809795424 79.03434316898347  0 
1 dPad Down 2 3 4 3 0 3 1.501432680990547 79.45129666899447  0 
1 dPad Down 3 3 4 3 0 4 1.8349044179776683 79.7847684059816  0 
1 dPad OK 0 3 3 3 0 0 0.08347163800499402 86.52403275799588  3 
1 dPad Down 0 3 3 3 0 1 0.4158623830007855 86.85642350299167  0 
1 dPad Down 1 3 3 3 0 2 0.6670402070158161 87.1076013270067  0 
1 dPad Down 2 3 3 3 0 3 0.9172526469919831 87.35781376698287  0 
1 dPad OK 0 2 4 2 0 0 0.06642595797893591 91.67794470998342  4 
1 dPad Down 0 3 4 2 0 1 0.48278284299885854 92.09430159500334  0 
1 dPad Left 1 3 4 2 0 2 0.7836263100034557 92.39514506200794  0 
1 dPad Down 0 2 4 2 0 3 1.0503882499760948 92.66190700198058  0 
1 dPad Down 1 2 4 2 0 4 1.334320581983775 92.94583933398826  0 
1 dPad Down 2 2 4 2 0 5 1.5338515829935204 93.145370334998  0 
1 dPad Down 3 2 4 2 0 6 2.068008053000085 93.67952680500457  0 
2 Wheel Down 0 0 1 0 0 1 1.0705191250017378 9.827814026997657  0 
2 dPad OK 0 2 2 2 0 0 0.06679490499664098 86.89077606698265  2 
2 dPad Left 0 3 2 2 0 1 0.9842959269881248 87.80827708897414  0 
2 dPad Down 0 2 2 2 0 2 1.4502883940003812 88.2742695559864  0 
2 dPad Down 1 2 2 2 0 3 1.650381154002389 88.4743623159884  0 
2 dPad OK 0 3 1 3 0 0 0.08352515799924731 89.17613102399628  1 
2 dPad Down 0 3 1 3 0 1 0.733985707978718 89.82659157397575  0 
2 dPad OK 0 0 2 0 0 0 0.04990752198500559 98.80032288798247  2 
2 dPad Left 0 1 2 0 0 1 1.1177824879996479 99.86819785399712  0 
2 dPad Down 0 0 2 0 0 2 1.5009813699871302 100.2513967359846  0 
2 dPad Down 1 0 2 0 0 3 1.76786919098231 100.51828455697978  0 
2 dPad Right 2 0 2 0 1 4 2.335307258996181 101.08572262499365  0 
2 dPad OK 0 1 1 1 0 0 0.06683470198186114 101.15257652697619  1 
2 dPad Left 0 2 1 1 0 1 0.7339715139823966 101.81971333897673  0 
2 dPad Down 0 1 1 1 0 2 1.0676760859787464 102.15341791097308  0 
2 dPad OK 0 2 3 2 0 0 0.06668138899840415 102.68718622199958  3 
2 dPad Left 0 3 3 2 0 1 0.733930012997007 103.35443484599818  0 
2 dPad Down 0 2 3 2 0 2 1.0674786979798228 103.687983530981  0 
2 dPad Down 1 2 3 2 0 3 1.334286532975966 103.95479136597714  0 
2 dPad Down 2 2 3 2 0 4 1.6009293769893702 104.22143420999055  0 
2 dPad OK 0 0 3 0 0 0 0.04978619099711068 107.05720540098264  3 
2 dPad Left 0 1 3 0 0 1 0.850699002010515 107.85811821199604  0 
2 dPad Down 0 0 3 0 0 2 1.2005981330003124 108.20801734298584  0 
2 dPad Down 1 0 3 0 0 3 1.4676799410081003 108.47509915099363  0 
2 dPad Down 2 0 3 0 0 4 1.6677243350131903 108.67514354499872  0 
2 dPad OK 0 0 1 0 0 0 0.06560609498410486 121.45158622798044  1 
2 dPad OK 0 1 1 0 0 1 0.1333991449791938 121.51937927797553  0 
2 dPad Left 0 2 1 0 0 2 0.9506590439996216 122.33663917699596  0 
2 dPad Left 0 1 1 0 0 3 1.1508747189946007 122.53685485199094  0 
2 dPad Down 0 0 1 0 0 4 1.5009122899791691 122.8868924229755  0 
2 dPad OK 0 2 2 2 0 0 0.06787472500582226 125.50604546398972  2 
2 dPad Left 0 3 2 2 0 1 0.7184185810037889 126.15658931998769  0 
2 dPad Down 0 2 2 2 0 2 1.135330991994124 126.57350173097802  0 
2 dPad Down 1 2 2 2 0 3 1.4021467929997016 126.8403175319836  0 
2 dPad OK 0 3 3 3 0 0 0.08351754100294784 127.4577420349815  3 
2 dPad Down 0 3 3 3 0 1 0.5004064319946337 127.87463092597318  0 
2 dPad Down 1 3 3 3 0 2 0.7506323039997369 128.12485679797828  0 
2 dPad Down 2 3 3 3 0 3 1.0006919440056663 128.3749164379842  0 
2 dPad OK 0 0 4 0 0 0 0.04964418799499981 136.881785820995  4 
2 dPad Left 0 1 4 0 0 1 0.9839801819762215 137.8161218149762  0 
2 dPad Down 0 0 4 0 0 2 1.334044589981204 138.1661862229812  0 
2 dPad Down 1 0 4 0 0 3 1.5999591519939713 138.43210078499396  0 
2 dPad Down 2 0 4 0 0 4 1.8011788639996666 138.63332049699966  0 
2 dPad Down 3 0 4 0 0 5 2.118088405986782 138.95023003898677  0 
2 dPad OK 0 1 2 1 0 0 0.06685311600449495 139.60091261198977  2 
2 dPad Left 0 2 2 1 0 1 0.8007697360008024 140.33482923198608  0 
2 dPad Down 0 1 2 1 0 2 1.2010696179931983 140.73512911397847  0 
2 dPad Down 1 1 2 1 0 3 1.4011551630101167 140.9352146589954  0 
2 dPad OK 0 3 2 3 0 0 0.08341484601260163 158.0828150890011  2 
2 dPad Down 0 3 2 3 0 1 0.5003885990008712 158.49978884198936  0 
2 dPad Down 1 3 2 3 0 2 0.7506217059853952 158.75002194897388  0 
2 dPad Left 2 3 2 3 1 3 1.2510465559898876 159.25044679897837  0 
2 dPad OK 0 2 2 3 0 3 1.3177902080060448 159.31719045099453  0 
2 dPad Down 0 3 2 3 0 4 1.9015700540039688 159.90097029699245  0 
2 dPad Down 1 3 2 3 0 5 2.1508923920046072 160.1502926349931  0 
4 dPad OK 0 3 1 3 0 0 0.08399765100330114 33.148895336024  1 
4 dPad OK 0 3 1 3 0 1 0.16714136500377208 33.23203905002447  0 
4 dPad Right 0 3 1 3 0 2 0.8343282269779593 33.899225911998656  0 
4 dPad Down 0 3 1 3 0 3 1.1681312739965506 34.23302895901725  0 
4 dPad Right 1 3 1 3 1 4 1.75135209801374 34.816249783034436  0 
4 dPad OK 0 0 4 0 0 0 0.06684411905007437 34.88311774004251  4 
4 dPad OK 0 1 4 0 0 1 0.2005146720330231 35.016788293025456  0 
4 dPad Left 0 2 4 0 0 2 1.0847092590411194 35.90098288003355  0 
4 dPad Left 0 1 4 0 0 3 1.3514266190468334 36.16770024003927  0 
4 dPad Down 0 0 4 0 0 4 2.0856031990260817 36.901876820018515  0 
4 dPad Down 1 0 4 0 0 5 2.5528450320125557 37.36911865300499  0 
4 dPad Down 2 0 4 0 0 6 2.8192995520075783 37.63557317300001  0 
4 dPad Down 3 0 4 0 0 7 3.0192670700489543 37.83554069104139  0 
4 dPad OK 0 2 3 2 0 0 0.06643929798156023 40.23768232099246  3 
4 dPad Left 0 3 3 2 0 1 0.9005477870232426 41.071790810034145  0 
4 dPad Down 0 2 3 2 0 2 1.3174387710168958 41.4886817940278  0 
4 dPad Down 1 2 3 2 0 3 1.5844395799795166 41.75568260299042  0 
4 dPad Down 2 2 3 2 0 4 1.8512463929946534 42.022489416005556  0 
4 dPad OK 0 3 3 3 0 0 0.08390918403165415 42.99010908603668  3 
4 dPad Down 0 3 3 3 0 1 0.7511796309845522 43.65737953298958  0 
4 dPad Down 1 3 3 3 0 2 1.251487914007157 44.157687816012185  0 
4 dPad Down 2 3 3 3 0 3 1.5017610070062801 44.40796090901131  0 
4 dPad OK 0 0 3 0 0 0 0.06677917198976502 52.56482319999486  3 
4 dPad Down 0 1 3 0 0 1 0.8005574140115641 53.29860144201666  0 
4 dPad Left 1 1 3 0 0 2 1.2010260520037264 53.69907008000882  0 
4 dPad Down 0 0 3 0 0 3 1.7348613089998253 54.23290533700492  0 
4 dPad Down 1 0 3 0 0 4 1.9350745999836363 54.43311862798873  0 
4 dPad Down 2 0 3 0 0 5 2.2018339349888265 54.699877962993924  0 
4 dPad OK 0 2 3 2 0 0 0.08286136598326266 64.85752630000934  3 
4 dPad Down 0 3 3 2 0 1 0.7507938399794511 65.52545877400553  0 
4 dPad Left 1 3 3 2 0 2 1.1677138399682008 65.94237877399428  0 
4 dPad Down 0 2 3 2 0 3 1.5013399560120888 66.27600489003817  0 
4 dPad Down 1 2 3 2 0 4 1.851600530964788 66.62626546499087  0 
4 dPad Down 2 2 3 2 0 5 2.118483011960052 66.89314794598613  0 
4 dPad Down 0 0 1 0 0 0 0.06668633403023705 69.51208556903293  1 
4 dPad Down 1 0 1 0 1 1 0.9340758959879167 70.37947513099061  0 
4 dPad Up 2 0 1 0 0 1 1.8681676359847188 71.31356687098742  0 
4 dPad OK 0 1 1 1 0 0 0.06811911700060591 96.41748775204178  1 
4 dPad Down 0 2 1 1 0 1 0.6183910729596391 96.96775970800081  0 
4 dPad Left 1 2 1 1 0 2 1.0359683989663608 97.38533703400753  0 
4 dPad Down 0 1 1 1 0 3 1.6362697539734654 97.98563838901464  0 
4 dPad OK 0 3 3 3 0 0 0.08348835998913273 100.5542050889926  3 
4 dPad Down 0 3 3 3 0 1 0.6840857950155623 101.15480252401903  0 
4 dPad Down 1 3 3 3 0 2 0.8993076690239832 101.37002439802745  0 
4 dPad Down 2 3 3 3 0 3 1.1676690710010007 101.63838580000447  0 
4 dPad OK 0 3 2 3 0 0 0.08333379600662738 109.144561832014  2 
4 dPad OK 0 3 2 3 0 1 0.1669586370117031 109.22818667301908  0 
4 dPad Down 0 3 2 3 0 2 0.5835149519843981 109.64474298799178  0 
4 dPad Down 1 3 2 3 0 3 0.8339060390135273 109.8951340750209  0 
5 dPad OK 0 2 3 2 0 0 0.06668115800130181 34.38149299399811  3 
5 dPad Down 0 3 3 2 0 1 0.5504286639916245 34.86524049998843  0 
5 dPad Left 1 3 3 2 0 2 1.0675464259984437 35.38235826199525  0 
5 dPad Down 0 2 3 2 0 3 1.501221454993356 35.81603329099016  0 
5 dPad Down 1 2 3 2 0 4 1.768017725989921 36.08282956198673  0 
5 dPad Down 2 2 3 2 0 5 2.1014561060001142 36.41626794199692  0 
5 dPad OK 0 2 3 2 0 0 0.06670112800202332 49.09368693799479  3 
5 dPad Down 0 3 3 2 0 1 0.6671223570010625 49.69410816699383  0 
5 dPad Left 1 3 3 2 0 2 1.0673008899902925 50.09428669998306  0 
5 dPad Down 0 2 3 2 0 3 1.551164010015782 50.57814982000855  0 
5 dPad Down 1 2 3 2 0 4 1.7514356989995576 50.778421508992324  0 
5 dPad Down 2 2 3 2 0 5 2.018400444998406 51.04538625499117  0 
5 dPad OK 0 0 1 0 0 0 0.05000467100762762 53.6473912789952  1 
5 dPad Left 0 1 1 0 0 1 1.1175691219978034 54.71495572998538  0 
5 dPad Down 0 0 1 0 0 2 1.4677349730045535 55.06512158099213  0 
5 dPad Right 0 3 4 3 0 0 0.08334838901646435 72.87993508100044  4 
5 dPad Up 0 3 4 3 0 1 0.6671412790019531 73.46372797098593  0 
5 dPad Down 0 3 4 3 0 2 1.084241133008618 73.8808278249926  0 
5 dPad Down 1 3 4 3 0 3 1.3344380110211205 74.1310247030051  0 
5 dPad Down 2 3 4 3 0 4 1.5510541410185397 74.34764083300252  0 
5 dPad Down 3 3 4 3 0 5 1.7169910550001077 74.51357774698408  0 
5 dPad OK 0 2 4 2 0 0 0.06654156700824387 77.61695995699847  4 
5 dPad Left 0 3 4 2 0 1 1.084030371013796 78.63444876100402  0 
5 dPad Down 0 2 4 2 0 2 1.417941546998918 78.96835993698915  0 
5 dPad Down 1 2 4 2 0 3 1.6182253909937572 79.16864378098398  0 
5 dPad Down 2 2 4 2 0 4 1.8179745690140408 79.36839295900427  0 
5 dPad Down 3 2 4 2 0 5 2.0350936370086856 79.58551202699891  0 
5 dPad OK 0 1 1 1 0 0 0.0678901520150248 83.40629360100138  1 
5 dPad Left 0 2 1 1 0 1 0.8010115860088263 84.13941503499518  0 
5 dPad Down 0 1 1 1 0 2 1.267938769015018 84.60634221800137  0 
6 dPad Right 0 3 3 3 0 0 0.08351140201557428 81.98877128900494  3 
6 dPad Down 0 3 3 3 0 1 0.4171903310052585 82.32245021799463  0 
6 dPad Down 1 3 3 3 0 2 0.6669052890210878 82.57216517601046  0 
6 dPad Down 2 3 3 3 0 3 0.8175050200079568 82.72276490699733  0 
6 dPad OK 0 1 3 1 0 0 0.0670231250114739 91.98001150100026  3 
6 dPad Down 0 2 3 1 0 1 0.4843576140119694 92.39734599000076  0 
6 dPad Left 1 2 3 1 0 2 0.8342513300012797 92.74723970599007  0 
6 dPad Down 0 1 3 1 0 3 1.168129490019055 93.08111786600784  0 
6 dPad Down 1 1 3 1 0 4 1.434968748013489 93.34795712400228  0 
6 dPad Down 2 1 3 1 0 5 1.6353425910056103 93.5483309669944  0 
6 dPad Down 3 1 3 1 1 6 1.9687947550264653 93.88178313101525  0 
6 dPad Up 4 1 3 1 0 6 2.5025924570218194 94.41558083301061  0 
6 dPad OK 0 2 1 2 0 0 0.06712792502366938 95.2165964920132  1 
6 dPad Down 0 3 1 2 0 1 0.20001868502004072 95.34948725200957  0 
6 dPad Left 1 3 1 2 0 2 0.7505103110161144 95.89997887800564  0 
6 dPad Down 0 2 1 2 0 3 1.2177011790045071 96.36716974599403  0 
6 dPad OK 0 1 2 1 0 0 0.06693570999777876 100.33717190701282  2 
6 dPad Right 0 2 2 1 0 1 0.20029877699562348 100.47053497401066  0 
6 dPad Left 0 3 2 1 0 2 0.6669561750022694 100.93719237201731  0 
6 dPad Left 0 2 2 1 0 3 0.9344692619924899 101.20470545900753  0 
6 dPad Down 0 1 2 1 0 4 1.4681286279810593 101.7383648249961  0 
6 dPad Down 1 1 2 1 0 5 1.6681657649751287 101.93840196199017  0 
6 dPad OK 0 3 2 3 0 0 0.08392834701226093 117.21789358201204  2 
6 dPad Down 0 3 2 3 0 1 0.50078568700701 117.63475092200679  0 
6 dPad Down 1 3 2 3 0 2 1.0847589400073048 118.21872417500708  0 
6 dPad OK 0 0 2 0 0 0 0.09991341500426643 126.75905937401694  2 
6 dPad Down 0 1 2 0 0 1 0.433628646977013 127.09277460598969  0 
6 dPad Left 1 1 2 0 0 2 0.9006836149783339 127.55982957399101  0 
6 dPad Down 0 0 2 0 0 3 1.1676080149773043 127.82675397398998  0 
6 dPad Down 1 0 2 0 0 4 1.467697120999219 128.1268430800119  0 
6 dPad OK 0 3 3 3 0 0 0.08182851600577123 131.46138376000454  3 
6 dPad OK 0 3 3 3 0 1 0.16715115800616331 131.54670640200493  0 
6 dPad Down 0 3 3 3 0 2 0.5007700959977228 131.8803253399965  0 
6 dPad Down 1 3 3 3 0 3 0.7506924360059202 132.1302476800047  0 
6 dPad Down 2 3 3 3 0 4 0.9175680479966104 132.29712329199538  0 
7 dPad Right 0 2 2 2 0 0 0.08243484300328419 11.496241690008901  2 
7 dPad Left 0 3 2 2 0 1 1.150904844980687 12.564711691986304  0 
7 dPad Down 0 2 2 2 0 2 1.6849300089816097 13.098736855987227  0 
7 dPad Down 1 2 2 2 0 3 2.0182082660030574 13.432015113008674  0 
7 dPad Right 2 2 2 2 1 4 2.619033828988904 14.032840675994521  0 
7 dPad Up 0 0 2 0 0 0 0.06654516598791815 27.093382849998306  2 
7 dPad Down 0 0 2 0 0 1 0.8005697349726688 27.827407418983057  0 
7 dPad Down 1 0 2 0 0 2 1.0675141789834015 28.09435186299379  0 
7 dPad OK 0 0 3 0 0 0 0.06678629500675015 33.365381940995576  3 
7 dPad Left 0 1 3 0 0 1 1.6014302910189144 34.90002593700774  0 
7 dPad Down 0 0 3 0 0 2 2.0683939150185324 35.36698956100736  0 
7 dPad Down 1 0 3 0 0 3 2.335323049017461 35.63391869500629  0 
7 dPad Down 2 0 3 0 0 4 2.535532648995286 35.83412829498411  0 
7 dPad Up 3 0 3 0 1 5 3.469527826993726 36.76812347298255  0 
7 dPad OK 2 0 3 0 0 5 3.5362956130120438 36.83489125900087  0 
7 dPad Left 0 1 3 0 0 6 4.470429142995272 37.7690247889841  0 
7 dPad Down 0 0 3 0 0 7 4.937406593002379 38.236002238991205  0 
7 dPad Down 1 0 3 0 0 8 5.187783643021248 38.486379289010074  0 
7 dPad Down 2 0 3 0 0 9 5.3878950320067815 38.68649067799561  0 
7 dPad OK 0 3 1 3 0 0 0.0835481520043686 44.24110491501051  1 
7 dPad Down 0 3 1 3 0 1 0.6671978489903267 44.82475461199647  0 
7 dPad OK 0 0 3 0 0 0 0.0668540250044316 45.47517603900633  3 
7 dPad Left 0 1 3 0 0 1 1.3347980709804688 46.743120084982365  0 
7 dPad Down 0 0 3 0 0 2 1.8518766080087516 47.26019862201065  0 
7 dPad Down 1 0 3 0 0 3 2.051038654986769 47.459360668988666  0 
7 dPad Down 2 0 3 0 0 4 2.318777795007918 47.727099809009815  0 
7 dPad OK 0 0 1 0 0 0 0.0665901140018832 54.73276338999858  1 
7 dPad Left 0 1 1 0 0 1 1.0676241680048406 55.73379744400154  0 
7 dPad Down 0 0 1 0 0 2 1.53484917600872 56.20102245200542  0 
7 dPad OK 0 2 2 2 0 0 0.06651731801684946 58.052224893006496  2 
7 dPad Left 0 3 2 2 0 1 0.8006529220147058 58.78636049700435  0 
7 dPad Down 0 2 2 2 0 2 1.334637123014545 59.32034469800419  0 
7 dPad Down 1 2 2 2 0 3 1.8181568240106571 59.803864399000304  0 
7 dPad OK 0 0 2 0 0 0 0.049987460020929575 80.6040286970092  2 
7 dPad Left 0 1 2 0 0 1 1.0667451590124983 81.62078639600077  0 
7 dPad Down 0 0 2 0 0 2 1.4837598850135691 82.03780112200184  0 
7 dPad Down 1 0 2 0 0 3 1.6839929130219389 82.23803415001021  0 
7 dPad OK 0 1 1 1 0 0 0.0666475190082565 82.83844920500997  1 
7 dPad Left 0 2 1 1 0 1 0.13358452398097143 82.90538620998268  0 
7 dPad Down 0 1 1 1 0 2 0.6667290260083973 83.4385307120101  0 
8 dPad OK 0 2 2 2 0 0 0.06674209597986192 103.91276854899479  2 
8 dPad Down 0 3 2 2 0 1 0.5671363239816856 104.41316277699661  0 
8 dPad Down 1 3 2 2 0 2 0.8173727479879744 104.6633992010029  0 
8 dPad Left 2 3 2 2 0 3 1.2344945369986817 105.08052099001361  0 
8 dPad Down 0 2 2 2 0 4 1.7180542879796121 105.56408074099454  0 
8 dPad Down 1 2 2 2 0 5 1.9182740609976463 105.76430051401258  0 
8 dPad Up 0 1 2 1 0 0 0.06669334298931062 109.86766224500025  2 
8 dPad Down 0 1 2 1 0 1 0.5326712779933587 110.3336401800043  0 
8 dPad Down 1 1 2 1 0 2 0.8007478030049242 110.60171670501586  0 
8 dPad OK 0 2 2 2 0 0 0.06650848800200038 135.6051778300025  2 
8 dPad Down 0 3 2 2 0 1 0.5673053840000648 136.10597472600057  0 
8 dPad Left 1 3 2 2 0 2 1.0676438139926177 136.60631315599312  0 
8 dPad Down 0 2 2 2 0 3 1.267744798999047 136.80641414099955  0 
8 dPad Down 1 2 2 2 0 4 1.6849597459950019 137.2236290879955  0 
8 dPad Down 0 3 3 3 0 0 0.08334063299116679 137.92405290700844  3 
8 dPad Down 1 3 3 3 0 1 0.5833055509719998 138.42401782498928  0 
8 dPad Down 2 3 3 3 0 2 0.767114155984018 138.6078264300013  0 
8 dPad Up 0 2 4 2 0 0 0.06646734502282925 142.54437698601396  4 
8 dPad Down 0 2 4 2 0 1 0.4333544730034191 142.91126411399455  0 
8 dPad Down 1 2 4 2 0 2 0.6666130430239718 143.1445226840151  0 
8 dPad Down 2 2 4 2 0 3 0.8841301500215195 143.36203979101265  0 
8 dPad Down 3 2 4 2 0 4 1.0840266140003223 143.56193625499145  0 
8 dPad OK 0 3 2 3 0 0 0.0833677019982133 144.1126263810147  2 
8 dPad Down 0 3 2 3 0 1 0.5001249689958058 144.5293836480123  0 
8 dPad Down 1 3 2 3 0 2 0.6669253229920287 144.69618400200852  0 
8 dPad OK 0 0 2 0 0 0 0.050110879994463176 152.00225086600403  2 
8 dPad Down 0 1 2 0 0 1 0.5172956679889467 152.46943565399852  0 
8 dPad Down 1 1 2 0 0 2 0.7173259200062603 152.66946590601583  0 
8 dPad Left 2 1 2 0 0 3 1.1847359169914853 153.13687590300106  0 
8 dPad Down 0 0 2 0 0 4 1.5680197409819812 153.52015972699155  0 
8 dPad Down 1 0 2 0 0 5 1.7684262520051561 153.72056623801473  0 
8 dPad OK 0 1 1 1 0 0 0.06645284697879106 159.42501802899642  1 
8 dPad OK 0 2 1 1 0 1 0.13290310997399502 159.49146829199162  0 
8 dPad Left 0 3 1 1 0 2 0.8334974919853266 160.19206267400295  0 
8 dPad Left 0 2 1 1 0 3 1.3175457889738027 160.67611097099143  0 
8 dPad Down 0 1 1 1 0 4 1.5846404079929926 160.94320559001062  0 
9 dPad Right 0 1 2 1 0 0 0.06689972599269822 21.26664542898652  2 
9 dPad Left 0 2 2 1 0 1 0.8506912080047186 22.050436910998542  0 
9 dPad Down 0 1 2 1 0 2 1.183845625986578 22.3835913289804  0 
9 dPad Down 1 1 2 1 0 3 1.4006303909991402 22.600376093992963  0 
9 dPad OK 0 1 1 1 0 0 0.06663588399533182 27.288069748989074  1 
9 dPad Right 0 2 1 1 0 1 0.13311984098982066 27.354553705983562  0 
9 dPad Left 0 3 1 1 0 2 0.7172317799995653 27.938665644993307  0 
9 dPad Left 0 2 1 1 0 3 0.983977814001264 28.205411678995006  0 
9 dPad Down 0 1 1 1 0 4 1.251198646001285 28.472632510995027  0 
9 dPad OK 0 3 3 3 0 0 0.08348864899016917 30.10715271998197  3 
9 dPad Down 0 3 3 3 0 1 0.5838120260159485 30.607476097007748  0 
9 dPad Down 1 3 3 3 0 2 0.750755820015911 30.77441989100771  0 
9 dPad Down 2 3 3 3 0 3 1.0008134710078593 31.02447754199966  0 
9 dPad Right 3 3 3 3 1 4 1.499624849006068 31.523288919997867  0 
9 dPad Right 0 3 1 3 0 0 0.08359785299398936 36.14545239598374  1 
9 dPad Down 0 3 1 3 0 1 0.4172841719991993 36.47913871498895  0 
9 dPad Right 1 3 1 3 1 2 0.7514351220161188 36.81328966500587  0 
9 dPad OK 0 2 2 2 0 0 0.06657404298312031 44.035250235989224  2 
9 dPad Left 0 3 2 2 0 1 0.8174426739860792 44.78611886699218  0 
9 dPad Down 0 2 2 2 0 2 1.2843078049772885 45.25298399798339  0 
9 dPad Down 1 2 2 2 0 3 1.4842756539874244 45.45295184699353  0 
9 dPad OK 0 3 3 3 0 0 0.08354245897498913 45.82029567298014  3 
9 dPad Right 0 3 3 3 0 1 0.41666242899373174 46.15341564299888  0 
9 dPad Down 0 3 3 3 0 2 0.6672489719931036 46.40400218599825  0 
9 dPad Down 1 3 3 3 0 3 0.9174626439926215 46.65421585799777  0 
9 dPad Down 2 3 3 3 0 4 1.1676842189917807 46.90443743299693  0 
9 dPad Right 0 0 4 0 0 0 0.06660113998805173 47.30468630598625  4 
9 dPad Left 0 1 4 0 0 1 1.134214060002705 48.372299226000905  0 
9 dPad Down 0 0 4 0 0 2 1.5176520259992685 48.75573719199747  0 
9 dPad Down 1 0 4 0 0 3 1.7847631819895469 49.02284834798775  0 
9 dPad Down 2 0 4 0 0 4 1.9847355569945648 49.222820722992765  0 
9 dPad Down 3 0 4 0 0 5 2.251717136998195 49.489802302996395  0 
9 dPad OK 0 3 2 3 0 0 0.08362132500042208 52.292207795981085  2 
9 dPad Down 0 3 2 3 0 1 0.4171819160110317 52.625768386991695  0 
9 dPad Down 1 3 2 3 0 2 0.667240220005624 52.87582669098629  0 
9 dPad Right 0 2 4 2 0 0 0.06661012000404298 63.05088739498751  4 
9 dPad Down 0 3 4 2 0 1 0.4001081280002836 63.38438540298375  0 
9 dPad Down 1 3 4 2 0 2 0.6501909130020067 63.634468187985476  0 
9 dPad Left 2 3 4 2 0 3 0.9007502930180635 63.88502756800153  0 
9 dPad Down 0 2 4 2 0 4 1.1674247680057306 64.1517020429892  0 
9 dPad Down 1 2 4 2 0 5 1.4344147680094466 64.41869204299292  0 
9 dPad Down 2 2 4 2 0 6 1.6512057930231094 64.63548306800658  0 
9 dPad Down 3 2 4 2 0 7 1.8847945050220005 64.86907178000547  0 
9 dPad OK 0 0 2 0 0 0 0.0667995219992008 67.00412135198712  2 
9 dPad Left 0 1 2 0 0 1 0.9341792699997313 67.87150109998765  0 
9 dPad Down 0 0 2 0 0 2 1.201031894015614 68.13835372400354  0 
9 dPad Down 1 0 2 0 0 3 1.467916563997278 68.4052383939852  0 
9 dPad OK 0 2 4 2 0 0 0.06817731802584603 71.59120670100674  4 
9 dPad Down 0 3 4 2 0 1 0.5685913360211998 72.0916207190021  0 
9 dPad Down 1 3 4 2 0 2 0.7353962540219072 72.2584256370028  0 
9 dPad Down 2 3 4 2 0 3 1.235747007012833 72.75877638999373  0 
9 dPad Down 3 3 4 2 0 4 1.5694050180027261 73.09243440098362  0 
9 dPad Left 4 3 4 2 0 5 1.9864261820039246 73.50945556498482  0 
9 dPad Down 0 2 4 2 0 6 2.603578648006078 74.12660803098697  0 
9 dPad Down 1 2 4 2 0 7 2.803688747022534 74.32671813000343  0 
9 dPad Down 2 2 4 2 0 8 3.0196119580068626 74.54264134098776  0 
9 dPad Down 3 2 4 2 0 9 3.236592165019829 74.75962154800072  0 
10 dPad OK 0 2 2 2 0 0 0.06656902001122944 93.31229918901226  2 
10 dPad Down 0 3 2 2 0 1 0.5668358670081943 93.81256603600923  0 
10 dPad Left 1 3 2 2 0 2 1.0508810790197458 94.29661124802078  0 
10 dPad Down 0 2 2 2 0 3 1.4010997239965945 94.64682989299763  0 
10 dPad Down 1 2 2 2 0 4 1.801364511018619 95.04709468001965  0 
10 dPad OK 0 3 1 3 0 0 0.08349142901715823 95.66431762801949  1 
10 dPad Down 0 3 1 3 0 1 0.8340927520184778 96.41491895102081  0 
10 dPad OK 0 1 2 1 0 0 0.0671046499919612 99.28404128100374  2 
10 dPad Right 0 2 2 1 0 1 0.13369687800877728 99.35063350902055  0 
10 dPad Down 0 3 2 1 0 2 0.6173491890076548 99.83428582001943  0 
10 dPad Down 1 3 2 1 0 3 0.9342333179956768 100.15116994900745  0 
10 dPad Left 2 3 2 1 0 4 1.201124783983687 100.41806141499546  0 
10 dPad Left 0 2 2 1 0 5 1.468205362005392 100.68514199301717  0 
10 dPad Down 0 1 2 1 0 6 2.0018715799960773 101.21880821100785  0 
10 dPad Down 1 1 2 1 0 7 2.402187117986614 101.61912374899839  0 
10 dPad Right 2 1 2 1 1 8 3.0028200350061525 102.21975666601793  0 
10 dPad OK 0 0 2 0 0 0 0.04990271801943891 106.03943808501936  2 
10 dPad Down 0 1 2 0 0 1 0.7837728870217688 106.77330825402169  0 
10 dPad Down 1 1 2 0 0 2 1.1176403840072453 107.10717575100716  0 
10 dPad Left 2 1 2 0 0 3 1.5181113480066415 107.50764671500656  0 
10 dPad Down 0 0 2 0 0 4 2.1181690750236157 108.10770444202353  0 
10 dPad Down 1 0 2 0 0 5 2.484497032011859 108.47403239901178  0 
10 dPad Right 2 0 2 0 1 6 3.0354881690000184 109.02502353599994  0 
10 dPad OK 0 0 3 0 0 0 0.06677126698195934 120.21790388799855  3 
10 dPad Down 0 1 3 0 0 1 0.7339281659806147 120.8850607869972  0 
10 dPad Left 1 1 3 0 0 2 1.067420128005324 121.21855274902191  0 
10 dPad Down 0 0 3 0 0 3 1.3845210160070565 121.53565363702364  0 
10 dPad Down 1 0 3 0 0 4 1.6678586709895171 121.8189912920061  0 
10 dPad Down 2 0 3 0 0 5 1.9515816479979549 122.10271426901454  0 
10 dPad Up 0 0 1 0 0 0 0.09964427200611681 131.00982041400857  1 
10 dPad Down 0 0 1 0 0 1 0.7836435270146467 131.6938196690171  0 
10 dPad OK 0 3 2 3 0 0 0.08313082900713198 144.60469932100386  2 
10 dPad Down 0 3 2 3 0 1 0.5668637400085572 145.0884322320053  0 
10 dPad Down 1 3 2 3 0 2 0.8171346940216608 145.3387031860184  0 
10 dPad Right 0 3 2 3 0 0 0.083710538019659 162.75313773402013  2 
10 dPad Down 0 3 2 3 0 1 0.4995875820168294 163.1690147780173  0 
10 dPad Down 1 3 2 3 0 2 0.7340832250192761 163.40351042101975  0 
11 dPad OK 0 3 3 3 0 0 0.08344729495001957 44.14532709994819  3 
11 dPad Down 0 3 3 3 0 1 0.5841978069511242 44.646077611949295  0 
11 dPad Down 1 3 3 3 0 2 0.8341699269949459 44.896049731993116  0 
11 dPad Down 2 3 3 3 0 3 1.0844593429937959 45.14633914799197  0 
11 dPad Down 3 3 3 3 1 4 1.4178991399821825 45.47977894498035  0 
11 dPad Up 4 3 3 3 0 4 2.0019032969721593 46.06378310197033  0 
11 dPad Down 3 3 3 3 1 5 2.502324133994989 46.56420393899316  0 
11 dPad OK 4 3 3 3 0 5 2.585316526994575 46.647196331992745  0 
11 dPad Down 4 3 3 3 0 6 2.6690337369800545 46.730913541978225  0 
11 dPad Up 4 3 3 3 0 7 3.3364328139577992 47.39831261895597  0 
11 dPad OK 0 2 3 2 0 0 0.06685405800817534 51.684807543002535  3 
11 dPad Down 0 3 3 2 0 1 0.8176446089637466 52.435598093958106  0 
11 dPad Left 1 3 3 2 0 2 1.3180577749735676 52.93601125996793  0 
11 dPad Down 0 2 3 2 0 3 1.7351011089631356 53.353054593957495  0 
11 dPad Down 1 2 3 2 0 4 2.068419699964579 53.68637318495894  0 
11 dPad Down 2 2 3 2 0 5 2.268600955954753 53.88655444094911  0 
11 dPad OK 0 3 3 3 0 0 0.08356554998317733 54.52058917697286  3 
11 dPad Down 0 3 3 3 0 1 0.7509799789986573 55.18800360598834  0 
11 dPad Down 1 3 3 3 0 2 1.0007732170051895 55.437796843994875  0 
11 dPad Down 2 3 3 3 0 3 1.2513548479764722 55.68837847496616  0 
11 dPad OK 0 3 1 3 0 0 0.0833690440049395 61.74321278295247  1 
11 dPad Down 0 3 1 3 0 1 0.5836690130527131 62.24351275200024  0 
11 dPad Down 0 2 3 2 0 0 0.06656039599329233 66.53047860198421  3 
11 dPad Down 1 2 3 2 0 1 0.40021233598235995 66.86413054197328  0 
11 dPad Down 2 2 3 2 0 2 0.6837886529974639 67.14770685898839  0 
11 dPad OK 0 0 1 0 0 0 0.06680298899300396 69.43282618996454  1 
11 dPad OK 0 1 1 0 0 1 0.13374821899924427 69.49977141997078  0 
11 dPad Down 0 2 1 0 0 2 0.6008846259792335 69.96690782695077  0 
11 dPad Left 1 2 1 0 0 3 1.4849135869881138 70.85093678795965  0 
11 dPad Left 0 1 1 0 0 4 2.0188902619993314 71.38491346297087  0 
11 dPad Down 0 0 1 0 0 5 2.6353503959835507 72.00137359695509  0 
11 dPad Left 1 0 1 0 1 6 3.168898413015995 72.53492161398754  0 
11 dPad OK 0 1 1 1 0 0 0.06703408202156425 73.6535255429917  1 
11 dPad Left 0 2 1 1 0 1 0.8839055430144072 74.47039700398454  0 
11 dPad Down 0 1 1 1 0 2 1.387517811032012 74.97400927200215  0 
11 dPad Down 0 0 4 0 0 0 0.06647398002678528 78.55716850300087  4 
11 dPad Down 1 0 4 0 0 1 0.6670631800079718 79.15775770298205  0 
11 dPad Down 2 0 4 0 0 2 0.9340140739805065 79.42470859695459  0 
11 dPad Down 3 0 4 0 0 3 1.1342237889766693 79.62491831195075  0 
11 dPad OK 0 0 4 0 0 0 0.06678390700835735 85.72982922795927  4 
11 dPad Left 0 1 4 0 0 1 1.0009540820028633 86.66399940295378  0 
11 dPad Down 0 0 4 0 0 2 1.4682520360220224 87.13129735697294  0 
11 dPad Down 1 0 4 0 0 3 1.7349395820056088 87.39798490295652  0 
11 dPad Down 2 0 4 0 0 4 1.9346163110458292 87.59766163199674  0 
11 dPad Down 3 0 4 0 0 5 2.2020547710126266 87.86510009196354  0 
11 dPad Down 4 0 4 0 1 6 2.4688511410495266 88.13189646200044  0 
11 dPad Down 4 0 4 0 1 6 3.2028584360377863 88.8659037569887  0 
11 dPad OK 0 1 2 1 0 0 0.06654289597645402 89.06571585696656  2 
11 dPad Down 0 2 2 1 0 1 0.6170219059567899 89.6161948669469  0 
11 dPad Left 1 2 2 1 0 2 1.0840708469622768 90.08324380795239  0 
11 dPad Down 0 1 2 1 0 3 1.484728715964593 90.4839016769547  0 
11 dPad Down 1 1 2 1 0 4 1.7517465449636802 90.75091950595379  0 
11 dPad OK 0 0 2 0 0 0 0.0669596329680644 94.50394925294677  2 
11 dPad Down 0 1 2 0 0 1 1.2011985079734586 95.63818812795216  0 
11 dPad Down 1 1 2 0 0 2 1.6681810789741576 96.10517069895286  0 
11 dPad Left 2 1 2 0 0 3 2.0684742140001617 96.50546383397887  0 
11 dPad Down 0 0 2 0 0 4 2.535766362969298 96.972755982948  0 
11 dPad Down 1 0 2 0 0 5 2.80248502996983 97.23947464994853  0 
11 dPad OK 0 2 4 2 0 0 0.06659393600421026 99.90825909399427  4 
11 dPad Left 0 3 4 2 0 1 0.9840943129966035 100.82575947098667  0 
11 dPad Down 0 2 4 2 0 2 1.4008417229633778 101.24250688095344  0 
11 dPad Down 1 2 4 2 0 3 1.6677142700063996 101.50937942799646  0 
11 dPad Down 2 2 4 2 0 4 1.8678450029692613 101.70951016095933  0 
11 dPad Down 3 2 4 2 0 5 2.0681105550029315 101.909775712993  0 
11 dPad Left 4 2 4 2 1 6 2.6351505519705825 102.47681570996065  0 
11 dPad OK 0 1 4 2 0 6 2.7021255900035612 102.54379074799363  0 
11 dPad Left 0 2 4 2 0 7 2.768554169975687 102.61021932796575  0 
11 dPad Right 0 1 4 2 0 8 4.103032078011893 103.94469723600196  0 
11 dPad Down 0 2 4 2 0 9 4.720236404973548 104.56190156296361  0 
11 dPad Down 1 2 4 2 0 10 5.0038605479639955 104.84552570595406  0 
11 dPad Down 2 2 4 2 0 11 5.203993330011144 105.04565848800121  0 
11 dPad Down 3 2 4 2 0 12 5.504289428004995 105.34595458599506  0 
11 dPad Down 4 2 4 2 1 13 6.237496609974187 106.07916176796425  0 
11 dPad OK 0 3 3 3 0 0 0.08323946897871792 106.24669195094611  3 
11 dPad Down 0 3 3 3 0 1 0.6672124870237894 106.83066496899119  0 
11 dPad Down 1 3 3 3 0 2 1.0007959980284795 107.16424847999588  0 
11 dPad Down 2 3 3 3 0 3 1.2508729270193726 107.41432540898677  0 
11 dPad OK 0 3 2 3 0 0 0.08358368801418692 118.87396807398181  2 
11 dPad Down 0 3 2 3 0 1 0.16694334999192506 118.95732773595955  0 
11 dPad Down 1 3 2 3 0 2 0.500634522002656 119.29101890797028  0 
11 Wheel Down 0 0 1 0 0 1 2.337421099015046 125.41266105696559  0 
12 dPad Down 0 0 2 0 0 0 0.09974307799711823 36.89465519200894  2 
12 dPad Down 1 0 2 0 0 1 1.8848177840118296 38.67972989802365  0 
12 dPad OK 0 0 3 0 0 0 0.06653832600568421 59.94742041302379  3 
12 dPad Left 0 1 3 0 0 1 1.8015173799940385 61.68239946701215  0 
12 dPad Down 0 0 3 0 0 2 2.7015742619987577 62.582456349016866  0 
12 dPad Down 1 0 3 0 0 3 2.918821779981954 62.79970386700006  0 
12 dPad Down 2 0 3 0 0 4 3.0859232469811104 62.96680533399922  0 
12 dPad Left 0 3 4 3 0 0 0.08206073101609945 66.60167111901683  4 
12 dPad Down 0 2 4 3 0 1 0.4837770230078604 67.00338741100859  0 
12 dPad Down 1 2 4 3 0 2 0.9501879860181361 67.46979837401886  0 
12 dPad Down 2 2 4 3 0 3 1.1844608840183355 67.70407127201906  0 
12 dPad Down 3 2 4 3 0 4 1.651403249008581 68.17101363700931  0 
12 dPad Right 4 2 4 3 0 5 2.051660521014128 68.57127090901486  0 
12 dPad Down 0 3 4 3 0 6 2.719038437004201 69.23864882500493  0 
12 dPad Down 1 3 4 3 0 7 2.885975993005559 69.40558638100629  0 
12 dPad Down 2 3 4 3 0 8 3.1360252739978023 69.65563566199853  0 
12 dPad Down 3 3 4 3 0 9 3.5530893060204107 70.07269969402114  0 
12 dPad Left 4 3 4 3 1 10 3.9700433060061187 70.48965369400685  0 
12 dPad Down 0 2 4 3 0 10 4.653861143015092 71.17347153101582  0 
12 dPad Down 1 2 4 3 0 11 4.920687076024478 71.4402974640252  0 
12 dPad Down 2 2 4 3 0 12 5.204320434015244 71.72393082201597  0 
12 dPad Down 3 2 4 3 0 13 5.738219374004984 72.25782976200571  0 
12 dPad Right 4 2 4 3 0 14 6.1551137269998435 72.67472411500057  0 
12 dPad Down 0 3 4 3 0 15 6.7384237610094715 73.2580341490102  0 
12 dPad Down 1 3 4 3 0 16 6.98929630900966 73.50890669701039  0 
12 dPad Down 2 3 4 3 0 17 7.1565589170204476 73.67616930502118  0 
12 dPad Down 3 3 4 3 0 18 7.406097801023861 73.92570818902459  0 
12 dPad OK 0 0 4 0 0 0 0.0667537440021988 88.80490611901041  4 
12 dPad OK 0 1 4 0 0 1 0.13344169800984673 88.87159407301806  0 
12 dPad Left 0 2 4 0 0 2 1.0008412380120717 89.73899361302028  0 
12 dPad Left 0 1 4 0 0 3 1.3343486599915195 90.07250103499973  0 
12 dPad Down 0 0 4 0 0 4 1.801563884015195 90.53971625902341  0 
12 dPad Down 1 0 4 0 0 5 2.0684422549966257 90.80659463000484  0 
12 dPad Down 2 0 4 0 0 6 2.268486954999389 91.0066393300076  0 
12 dPad Down 3 0 4 0 0 7 2.5354391020082403 91.27359147701645  0 
12 dPad Left 0 3 2 3 0 0 0.082576307002455 118.27814870502334  2 
12 dPad Down 0 2 2 3 0 1 0.5004492959997151 118.6960216940206  0 
12 dPad Down 1 2 2 3 0 2 1.100809322000714 119.2963817200216  0 
12 dPad Right 2 2 2 3 0 3 1.4503684979863465 119.64594089600723  0 
12 dPad Down 0 3 2 3 0 4 2.118401012994582 120.31397341101547  0 
12 dPad Down 1 3 2 3 0 5 2.368582819995936 120.56415521801682  0 
12 Wheel Down 0 0 1 0 0 0 0.052316241984954104 124.15096864200314  1 
12 Wheel Up 1 0 1 0 1 1 0.10152623199974187 124.20017863201792  0 
12 Wheel Down 0 0 1 0 0 1 1.0025363430031575 125.10118874302134  0 
13 dPad OK 0 2 3 2 0 0 0.06678284500958398 27.371166227996582  3 
13 dPad Down 0 3 3 2 0 1 0.1500829110154882 27.454466294002486  0 
13 dPad Down 1 3 3 2 0 2 0.5672345109924208 27.87161789397942  0 
13 dPad Down 2 3 3 2 0 3 0.9154456999967806 28.21982908298378  0 
13 dPad Left 3 3 3 2 0 4 1.1667931599949952 28.471176542981993  0 
13 dPad Down 0 2 3 2 0 5 1.7345126430154778 29.038896026002476  0 
13 dPad Down 1 2 3 2 0 6 1.951561663998291 29.25594504698529  0 
13 dPad Down 2 2 3 2 0 7 2.168349504005164 29.472732886992162  0 
13 dPad OK 0 3 3 3 0 0 0.08339899699785747 35.92786954497569  3 
13 dPad OK 0 3 3 3 0 1 0.16719058202579618 36.01166113000363  0 
13 dPad Down 0 3 3 3 0 2 0.5843296410166658 36.4288001889945  0 
13 dPad Down 1 3 3 3 0 3 0.7507886970124673 36.5952592449903  0 
13 dPad Down 2 3 3 3 0 4 0.9169666610250715 36.76143720900291  0 
13 dPad OK 0 0 3 0 0 0 0.0667686800006777 37.16205260899733  3 
13 dPad OK 0 1 3 0 0 1 0.1339603700034786 37.22924429900013  0 
13 dPad Down 0 2 3 0 0 2 0.767524851980852 37.8628087809775  0 
13 dPad Left 1 2 3 0 0 3 1.034576821984956 38.12986075098161  0 
13 dPad Down 0 1 3 0 0 4 1.301464906980982 38.39674883597763  0 
13 dPad Down 1 1 3 0 0 5 1.5685299129982013 38.66381384199485  0 
13 dPad Left 2 1 3 0 0 6 2.035367750999285 39.130651679995935  0 
13 dPad Down 0 0 3 0 0 7 2.2690808349871077 39.36436476398376  0 
13 dPad Down 1 0 3 0 0 8 2.6525141239981167 39.74779805299477  0 
13 dPad Down 2 0 3 0 0 9 2.7693380109849386 39.86462193998159  0 
13 dPad OK 0 2 1 2 0 0 0.08207430699258111 41.531808154977625  1 
13 dPad Right 0 3 1 2 0 1 0.4994463660113979 41.94918021399644  0 
13 dPad Left 0 3 1 2 0 2 0.8336480529978871 42.28338190098293  0 
13 dPad Down 0 2 1 2 0 3 1.1671293599938508 42.616863207978895  0 
13 dPad OK 0 3 1 3 0 0 0.08353906898992136 43.05082426799345  1 
13 dPad Down 0 3 1 3 0 1 0.5837683509744238 43.55105354997795  0 
13 dPad OK 0 2 2 2 0 0 0.0834578119975049 65.2189161409915  2 
13 dPad Down 0 3 2 2 0 1 0.5005810500006191 65.63603937899461  0 
13 dPad Left 1 3 2 2 0 2 1.0011468839948066 66.1366052129888  0 
13 dPad Down 0 2 2 2 0 3 1.2006063389999326 66.33606466799392  0 
13 dPad Down 1 2 2 2 0 4 1.6011562079947907 66.73661453698878  0 
13 dPad OK 0 1 1 1 0 0 0.06685214000754058 69.55580639198888  1 
13 dPad OK 0 2 1 1 0 1 0.13344807500834577 69.62240232698969  0 
13 dPad Down 0 3 1 1 0 2 0.450363540003309 69.93931779198465  0 
13 dPad Left 1 3 1 1 0 3 0.7675122219952755 70.25646647397662  0 
13 dPad Left 0 2 1 1 0 4 0.9674883370171301 70.45644258899847  0 
13 dPad Down 0 1 1 1 0 5 1.2346839680103585 70.7236382199917  0 
14 dPad OK 0 3 1 3 0 0 0.08429434700519778 22.543616645009024  1 
14 dPad Down 0 3 1 3 0 1 0.834206992003601 23.293529290007427  0 
14 dPad OK 0 0 3 0 0 0 0.06674362299963832 43.543440406006994  3 
14 dPad Left 0 1 3 0 0 1 1.1343862149806228 44.61108299798798  0 
14 dPad Down 0 0 3 0 0 2 1.6014094239799306 45.078106206987286  0 
14 dPad Down 1 0 3 0 0 3 1.9340371589933056 45.41073394200066  0 
14 dPad Down 2 0 3 0 0 4 2.135197478986811 45.611894261994166  0 
14 dPad OK 0 3 1 3 0 0 0.08368928200798109 50.4159722100012  1 
14 dPad Down 0 3 1 3 0 1 0.7506552039994858 51.082938131992705  0 
14 dPad OK 0 1 2 1 0 0 0.06682040501618758 76.58738281400292  2 
14 dPad Down 0 2 2 1 0 1 0.550359256012598 77.07092166499933  0 
14 dPad Left 1 2 2 1 0 2 0.9507236240024213 77.47128603298916  0 
14 dPad Down 0 1 2 1 0 3 1.2839543459995184 77.80451675498625  0 
14 dPad Down 1 1 2 1 0 4 1.6180471400148235 78.13860954900156  0 
14 dPad Down 2 1 2 1 1 5 2.018254775000969 78.5388171839877  0 
14 dPad OK 3 1 2 1 0 5 2.084901638008887 78.60546404699562  0 
14 dPad Left 0 2 2 1 0 6 2.9523374590207823 79.47289986800752  0 
14 dPad Down 0 1 2 1 0 7 3.28562409101869 79.80618650000542  0 
14 dPad Down 1 1 2 1 0 8 3.619730166014051 80.14029257500079  0 
14 dPad OK 0 0 2 0 0 0 0.04988437899737619 84.24314870400121  2 
14 dPad Right 0 1 2 0 0 1 0.11703156199655496 84.3102958870004  0 
14 dPad Left 0 2 2 0 0 2 1.0673432629846502 85.26060758798849  0 
14 dPad Left 0 1 2 0 0 3 1.401261210005032 85.59452553500887  0 
14 dPad Down 0 0 2 0 0 4 1.8515192510094494 86.04478357601329  0 
14 dPad Down 1 0 2 0 0 5 2.102173560997471 86.29543788600131  0 
14 dPad Right 0 1 1 1 0 0 0.0668010389781557 86.87897579598939  1 
14 dPad Down 0 2 1 1 0 1 0.5336877829977311 87.34586254000897  0 
14 dPad Left 1 2 1 1 0 2 0.8673370329779573 87.67951178998919  0 
14 dPad Down 0 1 1 1 0 3 1.6015376249852125 88.41371238199645  0 
14 dPad Right 0 3 3 3 0 0 0.08356461900984868 90.98241166499793  3 
14 dPad Down 0 3 3 3 0 1 1.0008832690073177 91.8997303149954  0 
14 dPad Down 1 3 3 3 0 2 1.2512651970027946 92.15011224299087  0 
14 dPad Down 2 3 3 3 0 3 1.4184044070134405 92.31725145300152  0 
14 Wheel Right 0 1 1 1 0 0 0.06692199798999354 162.9429083110008  1 
14 Wheel Left 0 2 1 1 0 1 1.15132936698501 164.0273156799958  0 
14 Wheel Down 0 1 1 1 0 2 1.7507460089982487 164.62673232200905  0 
14 Wheel Right 1 1 1 1 1 3 2.285395355982473 165.16138166899327  0 
15 Wheel Right 0 0 4 0 0 0 0.06470306901610456 85.53776852201554  4 
15 Wheel Down 0 1 4 0 0 1 1.2656825020094402 86.73874795500888  0 
15 Wheel Down 1 1 4 0 0 2 1.3327122619957663 86.8057777149952  0 
15 Wheel Down 2 1 4 0 0 3 1.399190999014536 86.87225645201397  0 
15 Wheel Left 3 1 4 0 0 4 2.0006131480040494 87.47367860100348  0 
15 Wheel Down 0 0 4 0 0 5 2.601135175995296 88.07420062899473  0 
15 Wheel Down 1 0 4 0 0 6 2.9337974750087596 88.4068629280082  0 
15 Wheel Down 2 0 4 0 0 7 3.000519430002896 88.47358488300233  0 
15 Wheel Down 3 0 4 0 0 8 3.2675233900081366 88.74058884300757  0 
15 Wheel Down 4 0 4 0 1 9 3.334085698996205 88.80715115199564  0 
15 Wheel Right 4 0 4 0 1 9 3.9355697660066653 89.4086352190061  0 
15 Wheel Up 0 1 2 1 0 0 0.06552718300372362 89.47418574200128  2 
15 Wheel Down 0 1 2 1 0 1 0.6002344700100366 90.0088930290076  0 
15 Wheel Down 1 1 2 1 0 2 1.1333904110069852 90.54204897000454  0 
15 Wheel Down 2 1 2 1 1 3 1.667944387998432 91.07660294699599  0 
15 Wheel Right 3 1 2 1 0 3 1.802528099011397 91.21118665800896  0 
15 Wheel Right 0 2 2 1 0 4 1.8667178910109214 91.27537645000848  0 
15 Wheel Left 0 3 2 1 0 5 3.052098856016528 92.46075741501409  0 
15 Wheel Left 0 2 2 1 0 6 3.118052283010911 92.52671084200847  0 
15 Wheel Down 0 1 2 1 0 7 4.002714374015341 93.4113729330129  0 
15 Wheel Down 1 1 2 1 0 8 4.202548254019348 93.6112068130169  0 
15 Wheel Right 2 1 2 1 1 9 4.870512096997118 94.27917065599468  0 
15 Wheel Right 0 3 3 3 0 0 0.08390131799387746 98.33236010299879  3 
15 Wheel Down 0 3 3 3 0 1 0.7498095410119276 98.99826832601684  0 
15 Wheel Down 1 3 3 3 0 2 1.168108835001476 99.41656762000639  0 
15 Wheel Down 2 3 3 3 0 3 1.3342823749990202 99.58274116000393  0 
15 Wheel Right 3 3 3 3 1 4 2.169156074989587 100.4176148599945  0 
15 Wheel Right 0 1 1 1 0 0 0.06645835499512032 103.60267588100396  1 
15 Wheel Left 0 2 1 1 0 1 0.9516472749819513 104.48786480099079  0 
15 Wheel Down 0 1 1 1 0 2 1.4177277619892266 104.95394528799807  0 
15 Wheel Right 1 1 1 1 1 3 2.419389760005288 105.95560728601413  0 
15 Wheel Right 0 0 1 0 0 0 0.06737094398704357 128.77400035399478  1 
15 Wheel Down 0 1 1 0 0 1 0.6012815799913369 129.30791098999907  0 
15 Wheel Left 1 1 1 0 0 2 1.2679299720039126 129.97455938201165  0 
15 Wheel Left 0 0 1 0 0 3 1.3353198349941522 130.0419492450019  0 
15 Wheel Down 0 0 1 0 0 4 1.718663033010671 130.4252924430184  0 
15 Wheel Right 1 0 1 0 1 5 2.3031835709989537 131.0098129810067  0 
15 Wheel Right 0 1 1 1 0 0 0.065862332994584 140.6840443460096  1 
15 Wheel Left 0 2 1 1 0 1 0.8665777709975373 141.48475978401257  0 
15 Wheel Up 0 1 1 1 0 2 1.3994850819872227 142.01766709500225  0 
15 Wheel Down 0 1 1 1 0 3 1.5328539139882196 142.15103592700325  0 
15 Wheel Right 1 1 1 1 1 4 2.334805405989755 142.95298741900478  0 
15 Wheel Right 0 2 4 2 0 0 0.06622098200023174 143.0192311720166  4 
15 Wheel Left 0 3 4 2 0 1 0.9836836839967873 143.93669387401314  0 
15 Wheel Left 0 2 4 2 0 2 1.0495392469747458 144.0025494369911  0 
15 Wheel Down 0 1 4 2 0 3 1.3173326899996027 144.27034288001596  0 
15 Wheel Down 1 1 4 2 0 4 1.3821311929787043 144.33514138299506  0 
15 Wheel Up 2 1 4 2 0 5 1.917002315982245 144.8700125059986  0 
15 Wheel Right 1 1 4 2 0 6 2.718472786975326 145.67148297699168  0 
15 Wheel Down 0 2 4 2 0 7 3.1854806449846365 146.138490835001  0 
15 Wheel Down 1 2 4 2 0 8 3.4683307389786933 146.42134092899505  0 
15 Wheel Down 2 2 4 2 0 9 3.8019103510014247 146.75492054101778  0 
15 Wheel Down 3 2 4 2 0 10 4.335589807975339 147.2885999979917  0 
15 Wheel Right 4 2 4 2 1 11 4.936891018995084 147.88990120901144  0 
15 Wheel Right 0 1 2 1 0 0 0.08117067397688515 152.3918796569924  2 
15 Wheel Left 0 2 2 1 0 1 1.5333689819963183 153.84407796501182  0 
15 Wheel Down 0 1 2 1 0 2 2.001299075986026 154.31200805900153  0 
15 Wheel Down 1 1 2 1 0 3 2.334051226003794 154.6447602090193  0 
15 Wheel Down 2 1 2 1 1 4 3.0023808789846953 155.3130898620002  0 
15 Wheel Right 3 1 2 1 0 4 3.1523014699923806 155.46301045300788  0 
15 Wheel Down 0 2 2 1 0 5 3.6850059169810265 155.99571489999653  0 
15 Wheel Left 1 2 2 1 0 6 5.137915681989398 157.4486246650049  0 
15 Wheel Left 0 1 2 1 0 7 5.203720313991653 157.51442929700715  0 
15 Wheel Up 0 0 2 1 0 8 5.319721187988762 157.63043017100426  0 
15 Wheel Right 0 0 2 1 0 9 6.17222071098513 158.48292969400063  0 
15 Wheel Right 0 1 2 1 0 10 6.237282137997681 158.54799112101318  0 
15 Wheel Left 0 2 2 1 0 11 6.988105700991582 159.29881468400708  0 
15 Wheel Down 0 1 2 1 0 12 7.988317928975448 160.29902691199095  0 
15 Wheel Down 1 1 2 1 0 13 8.321972709003603 160.6326816920191  0 
15 Wheel Right 2 1 2 1 1 14 9.257028291001916 161.56773727401742  0 
15 Wheel Right 0 2 2 2 0 0 0.08319173799827695 161.6509451640013  2 
15 Wheel Left 0 3 2 2 0 1 1.0847146089945454 162.65246803499758  0 
15 Wheel Left 0 2 2 2 0 2 1.1507108049991075 162.71846423100214  0 
15 Wheel Right 0 1 2 2 0 3 2.284989276988199 163.85274270299124  0 
15 Wheel Right 0 2 2 2 0 4 2.351725129003171 163.9194785550062  0 
15 Wheel Left 0 3 2 2 0 5 3.4361931619932875 165.00394658799632  0 
15 Wheel Left 0 2 2 2 0 6 3.5026336960145272 165.07038712201756  0 
15 Wheel Left 0 1 2 2 0 7 3.568913146998966 165.136666573002  0 
15 Wheel Right 0 0 2 2 0 8 4.437077564012725 166.00483099001576  0 
15 Wheel Right 0 1 2 2 0 9 4.502736119990004 166.07048954599304  0 
15 Wheel Down 0 2 2 2 0 10 5.120058650005376 166.6878120760084  0 
15 Wheel Down 1 2 2 2 0 11 5.387062660010997 166.95481608601403  0 
15 Wheel Right 2 2 2 2 1 12 6.205367249000119 167.77312067500316  0 
15 Wheel Right 0 3 4 3 0 0 0.08311603200854734 167.85625238000648  4 
15 Wheel Down 0 3 4 3 0 1 0.5819675980019383 168.35510394599987  0 
15 Wheel Down 1 3 4 3 0 2 0.8335223309986759 168.6066586789966  0 
15 Wheel Down 2 3 4 3 0 3 0.9171033909951802 168.6902397389931  0 
15 Wheel Down 3 3 4 3 0 4 1.1665691889938898 168.93970553699182  0 
15 Wheel Right 4 3 4 3 1 5 1.7511401050142013 169.52427645301213  0 
15 Wheel Right 0 0 2 0 0 0 0.04926791900652461 169.57356625501416  2 
15 Wheel Left 0 1 2 0 0 1 1.2507678330002818 170.7750661690079  0 
15 Wheel Left 0 0 2 0 0 2 1.3007430069847032 170.82504134299234  0 
15 Wheel Down 0 0 2 0 0 3 1.7002491129969712 171.2245474490046  0 
15 Wheel Down 1 0 2 0 0 4 1.9838557429902721 171.5081540789979  0 
15 Wheel Down 2 0 2 0 1 5 2.1010003949922975 171.62529873099993  0 
15 Wheel Up 3 0 2 0 0 5 2.701332730008289 172.22563106601592  0 
15 Wheel Right 2 0 2 0 1 6 3.4373442709911615 172.9616426069988  0 
15 Wheel Right 0 1 1 1 0 0 0.06602272699819878 173.02768224000465  1 
15 Wheel Right 0 2 1 1 0 1 0.13214562498615123 173.0938051379926  0 
15 Wheel Left 0 3 1 1 0 3 1.8167025820002891 174.77836209500674  0 
15 Wheel Left 0 2 1 1 0 4 2.4340311599953566 175.3956906730018  0 
15 Wheel Down 0 1 1 1 0 5 2.96714233601233 175.92880184901878  0 
15 Wheel Right 1 1 1 1 1 6 4.235285926988581 177.19694543999503  0 
15 Wheel Right 0 2 4 2 0 0 0.06606287299655378 177.2630256669945  4 
15 Wheel Left 0 3 4 2 0 1 0.8168784690205939 178.01384126301855  0 
15 Wheel Down 0 2 4 2 0 2 1.3503992579935584 178.5473620519915  0 
15 Wheel Down 1 2 4 2 0 3 1.6181457680067979 178.81510856200475  0 
15 Wheel Down 2 2 4 2 0 4 1.6846395680040587 178.881602362002  0 
15 Wheel Down 3 2 4 2 0 5 1.9508625410089735 179.14782533500693  0 
15 Wheel Right 4 2 4 2 1 6 2.6854914739960805 179.88245426799404  0 
15 Wheel Right 0 1 1 1 0 0 0.06655358799616806 183.8030627850094  1 
15 Wheel Left 0 2 1 1 0 1 1.2842269249958917 185.0207361220091  0 
15 Wheel Down 0 1 1 1 0 2 1.8171029159857426 185.55361211299896  0 
15 Wheel Right 1 1 1 1 1 3 3.0189153800019994 186.75542457701522  0 
15 Wheel Right 0 3 2 3 0 0 0.08344392298022285 188.53963676499552  2 
15 Wheel Down 0 3 2 3 0 1 0.6673091249831486 189.12350196699845  0 
15 Wheel Down 1 3 2 3 0 2 0.9159830369753763 189.37217587899067  0 
15 Wheel Right 2 3 2 3 1 3 1.6688045789778698 190.12499742099317  0 
16 dPad OK 0 1 3 1 0 0 0.0668927319929935 16.04229926300468  3 
16 dPad Left 0 2 3 1 0 1 1.7350095459842123 17.710416076995898  0 
16 dPad Down 0 1 3 1 0 2 2.218693043978419 18.194099574990105  0 
16 dPad Down 1 1 3 1 0 3 2.48565113497898 18.461057665990666  0 
16 dPad Down 2 1 3 1 0 4 3.019245764997322 18.994652296009008  0 
16 dPad OK 0 2 3 2 0 0 0.06669448598404415 29.98708007199457  3 
16 dPad OK 0 3 3 2 0 1 0.15061931998934597 30.07100490599987  0 
16 dPad Left 0 3 3 2 0 2 1.067592210980365 30.98797779699089  0 
16 dPad Down 0 2 3 2 0 3 1.467881556978682 31.388267142989207  0 
16 dPad Down 1 2 3 2 0 4 1.7347627010021824 31.655148287012707  0 
16 dPad Down 2 2 3 2 0 5 2.268454846984241 32.188840432994766  0 
16 dPad OK 0 3 3 3 0 0 0.08381882798857987 32.872992721997434  3 
16 dPad OK 0 3 3 3 0 1 0.16712477098917589 32.95629866499803  0 
16 dPad Down 0 3 3 3 0 2 0.9175822329998482 33.7067561270087  0 
16 dPad Down 1 3 3 3 0 3 1.3345993009861559 34.12377319499501  0 
16 dPad Down 2 3 3 3 0 4 1.6684424099803437 34.4576163039892  0 
16 dPad OK 0 3 3 3 0 0 0.08358201402006671 44.53243843500968  3 
16 dPad Down 0 3 3 3 0 1 0.5841081120015588 45.03296453299117  0 
16 dPad Down 1 3 3 3 0 2 0.9176810640201438 45.36653748500976  0 
16 dPad Down 2 3 3 3 0 3 1.3355629779980518 45.784419398987666  0 
16 dPad OK 0 3 1 3 0 0 0.08340318300179206 57.40966315599508  1 
16 dPad Left 0 3 1 3 0 1 0.16687700900365598 57.49313698199694  0 
16 dPad Right 0 2 1 3 0 2 1.5845847690070514 58.910844742000336  0 
16 dPad Down 0 3 1 3 0 3 2.4188126980152447 59.74507267100853  0 
16 dPad OK 0 0 3 0 0 0 0.09982709400355816 60.512064134993125  3 
16 dPad Left 0 1 3 0 0 1 2.4354482170019764 62.84768525799154  0 
16 dPad Down 0 0 3 0 0 2 2.9021863310190383 63.314423372008605  0 
16 dPad Down 1 0 3 0 0 3 3.1523727090097964 63.56460974999936  0 
16 dPad Down 2 0 3 0 0 4 3.401707309007179 63.813944349996746  0 
16 dPad OK 0 2 2 2 0 0 0.06672449500183575 76.30867784100701  2 
16 dPad Left 0 3 2 2 0 1 1.2342455660109408 77.47619891201612  0 
16 dPad Down 0 2 2 2 0 2 1.650655239005573 77.89260858501075  0 
16 dPad Down 1 2 2 2 0 3 1.868064857000718 78.1100182030059  0 
16 dPad OK 0 2 4 2 0 0 0.06672574300318956 110.37013347199536  4 
16 dPad Left 0 3 4 2 0 1 0.2328056850237772 110.53621341401595  0 
16 dPad Up 0 2 4 2 0 2 1.3008743980026338 111.6042821269948  0 
16 dPad Down 0 2 4 2 0 3 1.8347797470050864 112.13818747599726  0 
16 dPad Down 1 2 4 2 0 4 2.0348997400142252 112.3383074690064  0 
16 dPad Down 2 2 4 2 0 5 2.3184064580127597 112.62181418700493  0 
16 dPad Down 3 2 4 2 0 6 2.802480362006463 113.10588809099863  0 
